100
5
16 19 22 25 28 
5
29 33 37 41 45 
5
10 12 14 19 21 
5
3 4 5 10 11 
5
30 34 38 42 46 
5
4 7 10 13 16 
5
13 16 19 24 27 
5
24 25 26 28 30 
5
1 2 3 6 7 
5
9 13 14 18 19 
5
17 20 23 26 29 
5
18 21 25 28 31 
5
21 24 26 28 30 
5
1 2 4 5 7 
5
15 20 25 30 35 
5
11 12 16 17 18 
5
29 34 39 43 47 
5
21 23 28 33 35 
5
16 19 22 25 28 
5
17 21 25 29 33 
5
22 25 28 31 36 
5
22 23 24 25 26 
5
14 15 19 23 24 
5
3 6 7 8 11 
5
12 17 18 19 24 
5
23 25 27 29 30 
5
14 15 18 19 22 
5
1 2 7 12 17 
5
19 23 27 31 33 
5
23 24 27 28 29 
5
10 15 20 23 28 
5
19 22 25 28 29 
5
17 22 26 30 34 
5
17 18 19 20 21 
5
14 19 20 21 26 
5
19 22 25 28 31 
5
25 27 29 31 33 
5
5 9 12 15 19 
5
30 34 37 40 43 
5
13 16 18 21 23 
5
17 22 26 31 36 
5
18 21 24 27 30 
5
8 12 16 18 20 
5
7 9 10 12 14 
5
13 14 15 16 17 
5
4 8 11 14 18 
5
1 5 9 13 16 
5
26 29 34 39 42 
5
19 20 22 23 24 
5
13 17 20 23 27 
5
11 16 18 23 28 
5
28 29 30 32 33 
5
25 28 31 34 37 
5
10 12 14 16 18 
5
28 30 32 35 37 
5
8 12 16 20 25 
5
9 14 19 24 29 
5
18 20 21 22 23 
5
8 10 12 17 22 
5
27 30 33 36 39 
5
20 22 24 25 26 
5
11 13 15 17 19 
5
3 4 5 6 7 
5
26 31 36 41 43 
5
4 5 10 11 16 
5
19 22 25 27 29 
5
2 6 10 14 18 
5
10 15 20 25 30 
5
9 14 19 22 25 
5
5 6 8 9 10 
5
14 17 22 27 32 
5
3 6 9 12 15 
5
30 35 40 41 46 
5
30 34 38 41 45 
5
17 18 20 21 23 
5
27 30 32 35 37 
5
14 19 24 29 34 
5
17 22 27 29 31 
5
13 15 17 19 21 
5
28 32 34 36 40 
5
24 29 34 39 44 
5
24 26 28 30 34 
5
29 30 34 35 36 
5
23 28 33 38 43 
5
18 23 28 33 38 
5
11 13 15 17 19 
5
7 8 9 10 11 
5
6 7 8 9 10 
5
12 16 20 21 25 
5
22 27 28 29 34 
5
5 7 9 13 17 
5
13 14 15 16 20 
5
4 5 7 9 11 
5
15 20 23 28 31 
5
26 27 31 35 39 
5
13 18 19 24 25 
5
23 27 31 35 37 
5
30 33 37 41 44 
5
12 13 14 15 16 
5
3 5 7 10 13 
