100
6
32 62 94 81 8 43 
10
98 2 43 78 11 26 26 45 50 2 
7
78 58 15 79 26 74 50 
8
77 40 43 45 25 32 97 52 
7
17 57 56 7 72 21 64 
10
10 34 72 48 92 92 11 60 65 63 
6
85 5 77 12 73 31 
10
63 40 83 36 38 64 77 75 78 24 
6
91 26 98 52 53 93 
8
45 22 53 25 35 63 83 42 
7
32 3 75 69 67 30 30 
5
11 33 10 34 75 
6
58 7 86 71 47 46 
10
45 31 76 69 31 28 92 99 79 61 
8
96 57 45 22 10 17 94 98 
9
85 78 56 67 26 62 70 29 96 
5
12 73 10 68 14 
6
92 55 41 99 31 70 
9
37 9 65 18 8 37 94 45 45 
7
21 95 51 75 16 49 31 
7
87 48 80 38 6 37 26 
9
75 2 41 40 42 67 24 55 44 
5
9 53 38 93 83 
6
53 2 65 4 24 14 
7
84 53 83 37 80 91 83 
10
28 12 2 99 10 53 92 53 8 88 
8
91 20 28 92 35 74 51 76 
7
49 72 10 50 44 86 100 
5
87 14 63 98 61 
10
99 61 44 37 56 98 19 2 93 31 
5
75 16 87 64 94 
5
38 75 47 60 97 
6
24 85 80 37 58 33 
8
34 67 98 49 70 47 58 58 
7
11 47 42 94 100 49 56 
10
24 69 27 91 60 73 12 49 92 94 
6
1 52 60 45 95 32 
9
12 56 44 39 22 6 49 18 23 
6
86 1 71 9 91 8 
7
96 43 42 100 91 36 85 
5
80 84 59 19 15 
6
17 95 53 7 43 60 
9
28 92 45 74 11 23 58 49 97 
9
93 11 5 35 88 24 22 60 90 
6
31 26 3 18 91 61 
9
78 65 10 28 63 97 51 35 5 
6
93 57 80 27 24 16 
7
8 43 26 79 66 58 53 
5
76 6 72 92 43 
5
90 17 46 1 49 
9
23 68 34 88 32 98 75 32 42 
5
53 67 70 87 16 
10
32 98 3 36 92 6 48 56 53 98 
5
9 1 20 24 46 
10
94 94 4 82 49 13 57 60 60 58 
6
70 76 7 78 80 2 
9
93 77 12 78 12 90 21 9 83 
6
21 64 39 38 40 96 
10
33 53 46 58 79 56 79 34 37 65 
6
82 2 63 52 74 94 
10
45 27 20 32 51 66 91 19 61 81 
10
16 85 41 29 26 14 32 12 33 49 
9
95 5 50 44 78 95 30 17 7 
10
33 88 8 62 40 88 79 73 74 41 
9
70 39 62 10 10 47 59 50 73 
5
38 4 21 70 46 
9
57 69 68 1 57 57 24 37 90 
7
84 100 4 1 17 54 75 
6
11 38 24 83 30 2 
6
8 34 44 16 69 69 
6
59 94 57 34 2 63 
5
7 77 8 6 33 
10
64 1 41 26 2 22 2 29 41 22 
8
35 96 61 25 25 1 51 43 
10
22 29 3 13 73 93 75 68 47 55 
5
97 32 27 35 79 
7
36 78 52 33 4 19 77 
7
72 82 80 71 8 54 61 
7
34 44 84 82 76 45 78 
5
41 64 86 40 22 
5
76 35 10 100 4 
7
90 47 1 78 56 12 79 
5
24 80 50 17 30 
10
59 84 24 48 25 67 70 37 73 16 
9
93 63 41 85 13 62 92 17 59 
10
23 85 59 99 96 17 20 33 98 44 
9
44 35 20 96 55 81 69 60 21 
6
36 84 64 45 63 75 
8
42 6 91 43 66 95 93 32 
6
1 74 13 78 4 30 
9
35 5 38 48 36 43 59 92 81 
6
41 47 19 29 56 55 
8
3 34 63 72 44 59 3 37 
6
99 76 44 46 94 44 
5
7 21 9 66 21 
7
41 45 25 42 26 99 42 
6
98 49 40 11 26 74 
10
8 39 11 76 39 28 72 83 93 70 
7
71 75 17 83 62 84 55 
5
81 48 79 3 90 
